LOQO 6.07: iterlim=8000
LOQO 6.07: optimal solution (26 iterations, 26 evaluations)
primal objective 4.785488588
  dual objective 4.785488675
x [*] :=
 0 1          9 1.49349   18 1.70248   27 1.66294   36 1.45356   45 1.16397
 1 1.06833   10 1.53069   19 1.70913   28 1.64645   37 1.42369   46 1.13068
 2 1.13346   11 1.56431   20 1.71276   29 1.62799   38 1.39295   47 1.09757
 3 1.1953    12 1.59436   21 1.71349   30 1.60766   39 1.36148   48 1.0647
 4 1.25376   13 1.62088   22 1.71141   31 1.58559   40 1.32939   49 1.03216
 5 1.30879   14 1.64391   23 1.70664   32 1.56192   41 1.29681   50 1
 6 1.36031   15 1.66352   24 1.69929   33 1.53675   42 1.26386
 7 1.40829   16 1.67976   25 1.68948   34 1.51022   43 1.23066
 8 1.45268   17 1.69272   26 1.67732   35 1.48245   44 1.19733
;

y [*] :=
 0  2           11  0.617563    22 -0.625028    33 -1.50053     44 -1.935
 1  1.87712     12  0.494249    23 -0.72189     34 -1.55835     45 -1.95345
 2  1.7529      13  0.372409    24 -0.815505    35 -1.61245     46 -1.9687
 3  1.6276      14  0.252267    25 -0.905786    36 -1.66283     47 -1.98086
 4  1.50148     15  0.134033    26 -0.992654    37 -1.7095      48 -1.99005
 5  1.37479     16  0.0179076   27 -1.07604     38 -1.75247     49 -1.99638
 6  1.2478      17 -0.0959234   28 -1.15589     39 -1.79178     50 -2
 7  1.12077     18 -0.207286    29 -1.23214     40 -1.82747
 8  0.993978    19 -0.316019    30 -1.30476     41 -1.85957
 9  0.867674    20 -0.421976    31 -1.37371     42 -1.88815
10  0.742119    21 -0.525019    32 -1.43898     43 -1.91327
;

z [*] :=
 0 0.5        11 0.282845   22 0.331958   33 0.461318   44 0.517783
 1 0.466489   12 0.278627   23 0.343374   34 0.470923   45 0.517078
 2 0.435739   13 0.276594   24 0.355263   35 0.479766   46 0.515421
 3 0.407783   14 0.276609   25 0.367478   36 0.487786   47 0.512845
 4 0.382636   15 0.278525   26 0.379877   37 0.494928   48 0.509387
 5 0.360297   16 0.282192   27 0.392323   38 0.501148   49 0.505091
 6 0.340744   17 0.28745    28 0.404688   39 0.506411   50 0.5
 7 0.32394    18 0.29414    29 0.416851   40 0.510691
 8 0.309828   19 0.302098   30 0.428697   41 0.513971
 9 0.298337   20 0.311161   31 0.44012    42 0.516244
10 0.289377   21 0.321168   32 0.451024   43 0.517511
;

vx[1] = 4.56243

vy[1] = -8.20536

vz[1] = -2.23766

v_norm[1] = 9.65147

v_norm[n] = 2.18758

# time x y z vx vy vz speed
0.000000 1.000000 2.000000 0.500000 4.562428 -8.205365 -2.237659 9.651470
0.014976 1.068326 1.877119 0.466489 4.455725 -8.249905 -2.145501 9.618607
0.029951 1.133455 1.752903 0.435739 4.239181 -8.330623 -1.960063 9.550487
0.044927 1.195295 1.627605 0.407783 4.016737 -8.394399 -1.772976 9.473308
0.059903 1.253762 1.501479 0.382636 3.789168 -8.440855 -1.585438 9.387196
0.074879 1.308786 1.374789 0.360297 3.557300 -8.469737 -1.398662 9.292313
0.089854 1.360309 1.247798 0.340744 3.322002 -8.480917 -1.213853 9.188857
0.104830 1.408285 1.120773 0.323940 3.084170 -8.474396 -1.032195 9.077054
0.119806 1.452684 0.993978 0.309828 2.844714 -8.450304 -0.854827 8.957163
0.134782 1.493488 0.867674 0.298337 2.604547 -8.408898 -0.682831 8.829467
0.149757 1.530694 0.742119 0.289377 2.364572 -8.350550 -0.517216 8.694274
0.164733 1.564311 0.617563 0.282845 2.125665 -8.275742 -0.358904 8.551911
0.179709 1.594361 0.494249 0.278627 1.888671 -8.185052 -0.208720 8.402721
0.194684 1.620879 0.372409 0.276594 1.654388 -8.079142 -0.067384 8.247065
0.209660 1.643912 0.252267 0.276609 1.423565 -7.958741 0.064491 8.085311
0.224636 1.663517 0.134033 0.278525 1.196892 -7.824634 0.186406 7.917841
0.239612 1.679761 0.017908 0.282192 0.974999 -7.677645 0.297973 7.745040
0.254587 1.692720 -0.095923 0.287450 0.758451 -7.518622 0.398913 7.567302
0.269563 1.702478 -0.207286 0.294140 0.547751 -7.348428 0.489050 7.385025
0.284539 1.709126 -0.316019 0.302098 0.343339 -7.167923 0.568309 7.198609
0.299514 1.712761 -0.421976 0.311161 0.145596 -6.977960 0.636705 7.008461
0.314490 1.713486 -0.525019 0.321168 -0.045155 -6.779374 0.694341 6.814988
0.329466 1.711409 -0.625028 0.331958 -0.228642 -6.572975 0.741392 6.618605
0.344442 1.706638 -0.721890 0.343374 -0.404639 -6.359542 0.778103 6.419731
0.359417 1.699289 -0.815505 0.355263 -0.572963 -6.139820 0.804779 6.218790
0.374393 1.689477 -0.905786 0.367478 -0.733465 -5.914523 0.821777 6.016217
0.389369 1.677321 -0.992654 0.379877 -0.886030 -5.684324 0.829500 5.812457
0.404345 1.662939 -1.076040 0.392323 -1.030564 -5.449863 0.828388 5.607967
0.419320 1.646454 -1.155885 0.404688 -1.166998 -5.211747 0.818914 5.403223
0.434296 1.627986 -1.232139 0.416851 -1.295274 -4.970553 0.801580 5.198717
0.449272 1.607658 -1.304760 0.428697 -1.415348 -4.726829 0.776909 4.994969
0.464247 1.585594 -1.373715 0.440120 -1.527185 -4.481104 0.745444 4.792522
0.479223 1.561917 -1.438976 0.451024 -1.630752 -4.233887 0.707744 4.591955
0.494199 1.536751 -1.500526 0.461318 -1.726022 -3.985677 0.664381 4.393879
0.509175 1.510220 -1.558353 0.470923 -1.812970 -3.736971 0.615939 4.198951
0.524150 1.482450 -1.612453 0.479766 -1.891572 -3.488265 0.563013 4.007869
0.539126 1.453565 -1.662831 0.487786 -1.961810 -3.240066 0.506205 3.821383
0.554102 1.423691 -1.709498 0.494928 -2.023674 -2.992899 0.446124 3.640292
0.569077 1.392953 -1.752473 0.501148 -2.077167 -2.747311 0.383385 3.465447
0.584053 1.361477 -1.791784 0.506411 -2.122314 -2.503878 0.318608 3.297747
0.599029 1.329387 -1.827468 0.510691 -2.159172 -2.263212 0.252410 3.138130
0.614005 1.296806 -1.859570 0.513971 -2.187842 -2.025958 0.185407 2.987563
0.628980 1.263858 -1.888148 0.516244 -2.208485 -1.792794 0.118205 2.847014
0.643956 1.230659 -1.913267 0.517511 -2.221336 -1.564423 0.051391 2.717424
0.658932 1.197325 -1.935005 0.517783 -2.226721 -1.341557 -0.014474 2.599668
0.673908 1.163966 -1.953449 0.517078 -2.225068 -1.124898 -0.078871 2.494503
0.688883 1.130681 -1.968697 0.515421 -2.216911 -0.915109 -0.141330 2.402518
0.703859 1.097566 -1.980857 0.512845 -2.202889 -0.712782 -0.201446 2.324082
0.718835 1.064702 -1.990046 0.509387 -2.183727 -0.518407 -0.258891 2.259300
0.733810 1.032160 -1.996385 0.505091 -2.160217 -0.332342 -0.313414 2.207990
0.748786 1.000000 -2.000000 0.500000 -2.147477 -0.241423 -0.339920 2.187576
