

*************************************************************

   NEOS Server Version 5.0
   Job#     : 309789
   Password : JPsdjLDC
   Solver   : nco:LOQO:AMPL
   Start    : 2012-09-27 21:55:12
   End      : 2012-09-27 21:56:21
   Host     : neos-1.chtc.wisc.edu

   Disclaimer:

   This information is provided without any express or
   implied warranty. In particular, there is no warranty
   of any kind concerning the fitness of this
   information  for any particular purpose.
*************************************************************
Job 309789 sent to neos-1.chtc.wisc.edu
password: JPsdjLDC
---------- Begin Solver Output -----------
Executing /opt/neos/Drivers/loqo-ampl/loqo-driver.py at time: 2012-09-27 21:55:12.793343
File exists
You are using the solver loqo.

%% YOUR COMMENTS %%%%%%%%%%%%%%%%%%%%%%%
Job 1
%%%%%%%%%%%%%%%%%%%%%%%%%%%%%%%%%%%%%%%%
Executing AMPL.
processing data.
processing commands.

Presolve eliminates 3 constraints and 7 variables.
Substitution eliminates 1496 variables.
Adjusted problem:
1199 variables:
	601 nonlinear variables
	598 linear variables
1497 constraints, all nonlinear; 7176 nonzeros
	898 equality constraints
	599 inequality constraints
1 linear objective; 1 nonzero.

LOQO 6.07: iterlim=20000
LOQO 6.07: optimal solution (1019 iterations, 3065 evaluations)
primal objective 121642.9087
  dual objective 121642.908
a [*] :=
  1  34.4908     61 -54.9812    121  55.3808    181  46.3049    241 -52.9132
  2  37.9799     62 -14.0376    122 -54.8391    182 -54.7421    242  49.5761
  3  37.9428     63 -12.6346    123 -52.6532    183 -52.5334    243  54.8359
  4  41.7725     64  21.5862    124  50.4155    184  55.3291    244 -55.2457
  5  41.6826     65  24.4341    125  55.9088    185  61.362     245 -52.9259
  6  45.8968     66 -53.599     126 -54.8641    186 -55.2606    246  49.5436
  7  45.7339     67  24.8261    127 -52.6739    187 -52.9947    247  54.7923
  8  50.3841     68  27.8974    128  50.0035    188  42.0189    248 -55.2656
  9  50.1224     69 -53.5979    129  55.4458    189  46.5348    249 -52.9388
 10  55.2703     70  28.3982    130 -54.8531    190 -54.5434    250  49.5176
 11  54.8769     71  31.7508    131 -52.6623    191   9.4839    251  54.7558
 12  60.5974     72 -53.893     132  50.6188    192  11.593     252 -55.2867
 13  60.0304     73  16.6597    133  56.1308    193 -53.2488    253 -52.9524
 14  66.4166     74  19.178     134 -54.8996    194  42.4716    254  49.4705
 15  65.6234     75 -53.2142    135 -52.7021    195  47.0391    255  54.6955
 16  72.7936     76  39.8399    136  49.1969    196 -54.8487    256 -55.3069
 17  71.707      77  44.2202    137  54.5393    197 -52.6185    257 -52.9651
 18  79.8158     78 -54.4819    138 -54.8191    198  52.7318    258  49.4817
 19  78.3505     79 -52.3482    139 -52.628     199  58.4261    259  54.6998
 20  87.6055     80  55.32      140  52.5651    200 -55.1375    260 -55.3319
 21  85.6511     81  61.4354    141  58.3045    201 -52.8737    261 -52.9819
 22  96.3405     82 -54.9405    142 -55.0459    202  48.7264    262  49.3232
 23  15.0062     83 -52.7585    143 -52.8294    203  53.952     263  54.515
 24  17.4412     84  47.0728    144  44.1295    204 -55.0436    264 -47.7026
 25 -53.2484     85  52.2062    145  48.9015    205 -52.7863    265 -45.6775
 26  34.4574     86 -54.6479    146 -54.5123    206  50.2607    266  29.0435
 27  38.334      87 -52.4948    147   7.96878   207  55.6551    267  32.302
 28 -54.0422     88  54.3807    148  10.0187    208 -55.1007    268 -54.1401
 29  13.1391     89  60.3784    149 -53.0946    209 -52.8339    269 -51.9066
 30  15.462      90 -55.0173    150  43.5646    210  49.6318    270 -49.907
 31  -8.31443    91 -52.8248    151  48.2832    211  54.9489    271 -48.1112
 32  -6.78914    92  42.1946    152 -54.7379    212 -55.0998    272 -46.4941
 33 -52.505      93  46.7927    153 -52.5481    213 -52.8295    273 -45.0343
 34  51.8809     94 -54.3005    154  52.8187    214  49.8387    274 -43.7136
 35  57.5928     95  12.5371    155  58.5727    215  55.1737    275 -42.5165
 36 -54.7749     96  14.8266    156 -55.0029    216 -55.122     276 -41.4298
 37 -52.6215     97 -53.2657    157 -52.7834    217 -52.8456    277 -40.4418
 38  49.255      98  35.1089    158  48.8326    218  49.7228    278 -39.5426
 39  54.6549     99  39.0223    159  54.117     219  55.0387    279 -38.7237
 40 -54.6701    100 -54.1414    160 -54.8955    220 -55.1359    280 -37.9774
 41 -52.5266    101  12.7995    161 -52.6848    221 -52.8542    281 -37.2972
 42  52.3692    102  15.0944    162  50.9183    222  49.7297    282 -36.6774
 43  58.1392    103 -53.1391    163  56.4399    223  55.0403    283 -36.1128
 44 -54.8438    104  41.767     164 -54.9852    224 -55.1537    284 -35.599
 45 -52.6816    105  46.3286    165 -52.7628    225 -52.8661    285 -35.1322
 46  46.3965    106 -54.5883    166  48.848     226  49.689     286 -34.7088
 47  51.4661    107 -52.4345    167  54.1253    227  54.9888    287 -34.3259
 48 -54.4899    108  53.8659    168 -54.8859    228 -55.1707    288 -33.9807
 49 -52.363     109  59.7831    169 -52.6714    229 -52.8772    289 -33.671
 50  59.4803    110 -54.9264    170  52.6674    230  49.6655    290 -33.3946
 51  66.1624    111 -52.7363    171  58.3915    231  54.9562    291 -33.1499
 52 -55.3019    112  48.7278    172 -55.14      232 -55.1888    292 -32.9351
 53 -31.17      113  54.0344    173 -52.8964    233 -52.889     293 -32.749
 54 -29.7758    114 -54.7904    174  43.3234    234  49.6349    294 -32.5904
 55  46.2286    115 -52.6128    175  47.986     235  54.9153    295 -32.4584
 56  51.2806    116  50.9256    176 -54.5419    236 -55.2071    296 -32.3521
 57 -54.5854    117  56.484     177   9.17056   237 -52.9009    297 -32.271
 58 -52.4467    118 -54.8597    178  11.27      238  49.6058    298 -32.2145
 59  54.7809    119 -52.6733    179 -53.221     239  54.8761    299 -32.1824
 60  60.8428    120  49.9401    180  41.7938    240 -55.2261
;

v [*] :=
  1   0          61 822.575     121 775.101     181 759.588     241 731.985
  2  20.4359     62 789.998     122 807.915     182 787.024     242 700.634
  3  42.9391     63 781.681     123 775.422     183 754.589     243 730.008
  4  65.4203     64 774.195     124 744.225     184 723.463     244 762.498
  5  90.1707     65 786.985     125 774.097     185 756.245     245 729.765
  6 114.868      66 801.462     126 807.223     186 792.603     246 698.406
  7 142.062      67 769.704     127 774.716     187 759.86      247 727.761
  8 169.159      68 784.414     128 743.506     188 728.461     248 760.226
  9 199.012      69 800.943     129 773.133     189 753.357     249 727.481
 10 228.71       70 769.186     130 805.985     190 780.929     250 696.114
 11 261.457      71 786.012     131 773.484     191 748.612     251 725.453
 12 293.972      72 804.825     132 742.282     192 754.231     252 757.896
 13 329.876      73 772.893     133 772.274     193 761.1       253 725.139
 14 365.444      74 782.764     134 805.531     194 729.55      254 693.764
 15 404.797      75 794.127     135 773.003     195 754.715     255 723.076
 16 443.679      76 762.597     136 741.777     196 782.585     256 755.483
 17 486.809      77 786.203     137 770.926     197 750.087     257 722.714
 18 529.296      78 812.403     138 803.241     198 718.911     258 691.332
 19 576.587      79 780.123     139 770.761     199 750.155     259 720.65
 20 623.01       80 749.106     140 739.578     200 784.772     260 753.06
 21 674.916      81 781.883     141 770.723     201 752.103     261 720.275
 22 725.665      82 818.284     142 805.269     202 720.775     262 688.883
 23 782.747      83 785.732     143 772.654     203 749.646     263 718.107
 24 791.638      84 754.472     144 741.352     204 781.613     264 750.408
 25 801.972      85 782.363     145 767.499     205 748.999     265 722.144
 26 770.422      86 813.295     146 796.474     206 717.723     266 695.08
 27 790.838      87 780.916     147 764.175     207 747.503     267 712.288
 28 813.551      88 749.813     148 768.896     208 780.478     268 731.427
 29 781.531      89 782.033     149 774.833     209 747.831     269 699.349
 30 789.316      90 817.808     150 743.374     210 716.527     270 668.594
 31 798.477      91 785.21      151 769.186     211 745.934     271 639.024
 32 793.551      92 753.911     152 797.794     212 778.491     272 610.518
 33 789.528      93 778.911     153 765.362     213 745.844     273 582.97
 34 758.419      94 806.636     154 734.227     214 714.543     274 556.287
 35 789.159      95 774.463     155 765.522     215 744.072     275 530.387
 36 823.283      96 781.891     156 800.226     216 776.763     276 505.196
 37 790.828      97 790.676     157 767.637     217 744.103     277 480.648
 38 759.65       98 759.116     158 736.363     218 712.792     278 456.686
 39 788.834      99 779.918     159 765.296     219 742.253     279 433.257
 40 821.217     100 803.039     160 797.361     220 774.863     280 410.313
 41 788.825     101 770.96      161 764.835     221 742.195     281 387.812
 42 757.702     102 778.544     162 733.619     222 710.879     282 365.713
 43 788.731     103 787.487     163 763.788     223 740.344     283 343.982
 44 823.179     104 756.002     164 797.229     224 772.955     284 322.585
 45 790.684     105 780.749     165 764.65      225 740.277     285 301.492
 46 759.47      106 808.199     166 733.388     226 708.953     286 280.676
 47 786.96      107 775.855     167 762.331     227 738.394     287 260.111
 48 817.454     108 744.788     168 794.4       228 770.975     288 239.773
 49 785.168     109 776.703     169 761.88      229 738.287     289 219.639
 50 754.143     110 812.125     170 730.672     230 706.957     290 199.689
 51 789.385     111 779.581     171 761.878     231 736.384     291 179.903
 52 828.587     112 748.335     172 796.475     232 768.945     292 160.261
 53 795.82      113 777.206     173 763.804     233 736.246     293 140.747
 54 777.352     114 809.222     174 732.463     234 704.909     294 121.343
 55 759.71      115 776.758     175 758.132     235 734.318     295 102.033
 56 787.1       116 745.585     176 786.564     236 766.855     296  82.8016
 57 817.484     117 775.758     177 754.248     237 734.145     297  63.6329
 58 785.142     118 809.225     178 759.681     238 702.801     298  44.5122
 59 754.067     119 776.721     179 766.359     239 732.192     299  25.425
 60 786.525     120 745.512     180 734.825     240 764.707     300   6.35686
;

h [*] :=
  0      0             101  40835.5           202  86735.3
  1      1.75884e-14   102  41296.8           203  87179.5
  2     12.1083        103  41763.3           204  87642.6
  3     37.5499        104  42211.3           205  88086.4
  4     76.3116        105  42673.9           206  88511.6
  5    129.738         106  43152.7           207  88954.5
  6    197.797         107  43612.4           208  89417
  7    281.969         108  44053.7           209  89860
  8    382.197         109  44513.9           210  90284.6
  9    500.112         110  44995.1           211  90726.6
 10    635.623         111  45457             212  91187.8
 11    790.538         112  45900.4           213  91629.7
 12    964.717         113  46360.9           214  92053.1
 13   1160.17          114  46840.4           215  92494
 14   1376.7           115  47300.6           216  92954.2
 15   1616.54          116  47742.4           217  93395.1
 16   1879.42          117  48202             218  93817.4
 17   2167.86          118  48681.5           219  94257.2
 18   2481.47          119  49141.7           220  94716.3
 19   2823.1           120  49583.4           221  95156.1
 20   3192.23          121  50042.6           222  95577.3
 21   3592.12          122  50521.3           223  96015.9
 22   4022.08          123  50980.8           224  96473.9
 23   4485.86          124  51421.7           225  96912.5
 24   4954.91          125  51880.4           226  97332.6
 25   5430.08          126  52358.7           227  97770.1
 26   5886.55          127  52817.7           228  98226.9
 27   6355.13          128  53258.2           229  98664.3
 28   6837.16          129  53716.3           230  99083.2
 29   7300.22          130  54193.8           231  99519.5
 30   7767.89          131  54652.1           232  99975.1
 31   8240.99          132  55091.9           233 100411
 32   8711.17          133  55549.5           234 100829
 33   9178.97          134  56026.8           235 101264
 34   9628.34          135  56484.8           236 101718
 35  10095.9           136  56924.3           237 102153
 36  10583.7           137  57381.1           238 102570
 37  11052.3           138  57857             239 103004
 38  11502.4           139  58313.7           240 103457
 39  11969.8           140  58751.9           241 103890
 40  12456.3           141  59208.5           242 104306
 41  12923.7           142  59685.7           243 104738
 42  13372.7           143  60143.5           244 105190
 43  13840             144  60582.7           245 105622
 44  14327.7           145  61037.5           246 106036
 45  14796.2           146  61509.4           247 106467
 46  15246.2           147  61962.2           248 106918
 47  15712.5           148  62417.7           249 107349
 48  16196.8           149  62876.8           250 107761
 49  16662             150  63317.3           251 108191
 50  17108.9           151  63773             252 108640
 51  17576.6           152  64245.7           253 109070
 52  18067.5           153  64699.2           254 109481
 53  18539             154  65134.2           255 109909
 54  18999.6           155  65587.8           256 110357
 55  19449.8           156  66061.9           257 110785
 56  19916.1           157  66516.8           258 111195
 57  20400.5           158  66953.1           259 111622
 58  20865.7           159  67406.5           260 112068
 59  21312.5           160  67878.9           261 112495
 60  21778.5           161  68332.1           262 112903
 61  22265.9           162  68766.8           263 113328
 62  22733.9           163  69219.3           264 113773
 63  23197.1           164  69691.7           265 114201
 64  23655.8           165  70144.7           266 114613
 65  24122.1           166  70579.3           267 115035
 66  24597             167  71031             268 115468
 67  25053             168  71501.6           269 115882
 68  25517.8           169  71953.1           270 116279
 69  25992.3           170  72386             271 116657
 70  26448.1           171  72837.4           272 117019
 71  26913.8           172  73309.3           273 117364
 72  27390.7           173  73761.9           274 117694
 73  27848.6           174  74195.9           275 118008
 74  28312.4           175  74645.1           276 118307
 75  28782.9           176  75111.1           277 118592
 76  29234.7           177  75558             278 118863
 77  29700.6           178  76008.1           279 119120
 78  30181.9           179  76462.2           280 119363
 79  30644.2           180  76897.6           281 119592
 80  31088             181  77347.6           282 119809
 81  31551.3           182  77813.9           283 120013
 82  32036.1           183  78261             284 120204
 83  32501.7           184  78689.7           285 120383
 84  32948.7           185  79137.8           286 120549
 85  33412.2           186  79607.4           287 120703
 86  33894.1           187  80057.6           288 120845
 87  34356.8           188  80489.2           289 120975
 88  34801.1           189  80935.6           290 121094
 89  35264.4           190  81398.3           291 121200
 90  35749             191  81841.8           292 121295
 91  36214.2           192  82288.7           293 121379
 92  36660.9           193  82739.7           294 121450
 93  37122.4           194  83171.9           295 121511
 94  37600.4           195  83619.1           296 121560
 95  38059.2           196  84082.8           297 121598
 96  38522.5           197  84527.2           298 121624
 97  38991             198  84953.2           299 121639
 98  39440.8           199  85397.6           300 121643
 99  39902.9           200  85862.6
100  40378.7           201  86308.3
;

m [*] :=
  0 3            61 0.614182    122 0.18177     183 0.0549748   244 0.0159504
  1 3            62 0.614182    123 0.18177     184 0.0549748   245 0.0159504
  2 2.85009      63 0.596053    124 0.18177     185 0.0505433   246 0.0159504
  3 2.85009      64 0.596053    125 0.167784    186 0.0505433   247 0.0147303
  4 2.70018      65 0.562752    126 0.167784    187 0.0505433   248 0.0147303
  5 2.70018      66 0.562752    127 0.167784    188 0.0505433   249 0.0147303
  6 2.55027      67 0.562752    128 0.167784    189 0.0469646   250 0.0147303
  7 2.55027      68 0.530034    129 0.154923    190 0.0469646   251 0.0136036
  8 2.40035      69 0.530034    130 0.154923    191 0.0469646   252 0.0136036
  9 2.40035      70 0.530034    131 0.154923    192 0.044752    253 0.0136036
 10 2.25044      71 0.497777    132 0.154923    193 0.044752    254 0.0136036
 11 2.25044      72 0.497777    133 0.142977    194 0.044752    255 0.0125635
 12 2.10053      73 0.497777    134 0.142977    195 0.0415598   256 0.0125635
 13 2.10053      74 0.471828    135 0.142977    196 0.0415598   257 0.0125635
 14 1.95062      75 0.471828    136 0.142977    197 0.0415598   258 0.0125635
 15 1.95062      76 0.471828    137 0.132103    198 0.0415598   259 0.0116027
 16 1.80071      77 0.439133    138 0.132103    199 0.0382892   260 0.0116027
 17 1.80071      78 0.439133    139 0.132103    200 0.0382892   261 0.0116027
 18 1.6508       79 0.439133    140 0.132103    201 0.0382892   262 0.0116027
 19 1.6508       80 0.439133    141 0.121724    202 0.0382892   263 0.0107165
 20 1.50089      81 0.403801    142 0.121724    203 0.0353858   264 0.0107165
 21 1.50089      82 0.403801    143 0.121724    204 0.0353858   265 0.010654
 22 1.35098      83 0.403801    144 0.121724    205 0.0353858   266 0.010654
 23 1.35098      84 0.403801    145 0.112924    206 0.0353858   267 0.01
 24 1.28207      85 0.373727    146 0.112924    207 0.0326634   268 0.01
 25 1.28207      86 0.373727    147 0.112924    208 0.0326634   269 0.01
 26 1.28207      87 0.373727    148 0.107736    209 0.0326634   270 0.01
 27 1.19845      88 0.373727    149 0.107736    210 0.0326634   271 0.01
 28 1.19845      89 0.343886    150 0.107736    211 0.030165    272 0.01
 29 1.19845      90 0.343886    151 0.099974    212 0.030165    273 0.01
 30 1.13906      91 0.343886    152 0.099974    213 0.030165    274 0.01
 31 1.13906      92 0.343886    153 0.099974    214 0.030165    275 0.01
 32 1.10025      93 0.319535    154 0.099974    215 0.0278529   276 0.01
 33 1.10025      94 0.319535    155 0.0921056   216 0.0278529   277 0.01
 34 1.10025      95 0.319535    156 0.0921056   217 0.0278529   278 0.01
 35 1.01448      96 0.303789    157 0.0921056   218 0.0278529   279 0.01
 36 1.01448      97 0.303789    158 0.0921056   219 0.0257203   280 0.01
 37 1.01448      98 0.303789    159 0.0851203   220 0.0257203   281 0.01
 38 1.01448      99 0.283821    160 0.0851203   221 0.0257203   282 0.01
 39 0.937342    100 0.283821    161 0.0851203   222 0.0257203   283 0.01
 40 0.937342    101 0.283821    162 0.0851203   223 0.0237506   284 0.01
 41 0.937342    102 0.26981     163 0.0785357   224 0.0237506   285 0.01
 42 0.937342    103 0.26981     164 0.0785357   225 0.0237506   286 0.01
 43 0.863912    104 0.26981     165 0.0785357   226 0.0237506   287 0.01
 44 0.863912    105 0.250732    166 0.0785357   227 0.0219322   288 0.01
 45 0.863912    106 0.250732    167 0.0725798   228 0.0219322   289 0.01
 46 0.863912    107 0.250732    168 0.0725798   229 0.0219322   290 0.01
 47 0.800066    108 0.250732    169 0.0725798   230 0.0219322   291 0.01
 48 0.800066    109 0.23082     170 0.0725798   231 0.0202533   292 0.01
 49 0.800066    110 0.23082     171 0.0668692   232 0.0202533   293 0.01
 50 0.800066    111 0.23082     172 0.0668692   233 0.0202533   294 0.01
 51 0.733154    112 0.23082     173 0.0668692   234 0.0202533   295 0.01
 52 0.733154    113 0.213342    174 0.0668692   235 0.0187032   296 0.01
 53 0.733154    114 0.213342    175 0.0620729   236 0.0187032   297 0.01
 54 0.720915    115 0.213342    176 0.0620729   237 0.0187032   298 0.01
 55 0.720915    116 0.213342    177 0.0620729   238 0.0187032   299 0.01
 56 0.667675    117 0.196849    178 0.0591632   239 0.0172719   300 0.01
 57 0.667675    118 0.196849    179 0.0591632   240 0.0172719
 58 0.667675    119 0.196849    180 0.0591632   241 0.0172719
 59 0.667675    120 0.196849    181 0.0549748   242 0.0172719
 60 0.614182    121 0.18177     182 0.0549748   243 0.0159504
;

T [*] :=
  0   0              76  43.6199        152   1.12006e-07   228   3.90505e-08
  1 200              77  43.6199        153   1.10394e-07   229   3.92705e-08
  2 200              78   2.59397e-07   154  10.4975        230   2.23989
  3 200              79   2.52582e-07   155  10.4975        231   2.23989
  4 200              80  47.1369        156   6.04003e-08   232   3.79659e-08
  5 200              81  47.1369        157   6.25757e-08   233   3.82455e-08
  6 200              82   1.3069e-07    158   9.31912       234   2.06804
  7 200              83   1.34978e-07   159   9.31912       235   2.06804
  8 200              84  40.1217        160   7.19598e-08   236   3.71105e-08
  9 200              85  40.1217        161   7.0637e-08    237   3.73631e-08
 10 200              86   1.36636e-07   162   8.78474       238   1.90944
 11 200              87   1.33953e-07   163   8.78474       239   1.90944
 12 200              88  39.8127        164   6.80312e-08   240   3.62578e-08
 13 200              89  39.8127        165   7.02742e-08   241   3.65e-08
 14 200              90   1.96447e-07   166   7.94591       242   1.76302
 15 200              91   2.02812e-07   167   7.94591       243   1.76302
 16 200              92  32.4868        168   5.47209e-08   244   3.55242e-08
 17 200              93  32.4868        169   5.25897e-08   245   3.57933e-08
 18 200              94   5.67063e-08   170   7.61864       246   1.62782
 19 200              95  21.0065        171   7.61864       247   1.62782
 20 200              96  21.0065        172   1.01799e-07   248   3.48069e-08
 21 200              97   7.09747e-08   173   1.0452e-07    249   3.50218e-08
 22 200              98  26.6403        174   6.39881       250   1.5031
 23  91.9229         99  26.6403        175   6.39881       251   1.5031
 24  91.9229        100   6.8124e-08    176   2.28952e-08   252   3.43705e-08
 25   1.59622e-07   101  18.6918        177   3.88186       253   3.44363e-08
 26 111.558         102  18.6918        178   3.88186       254   1.38768
 27 111.558         103   5.1298e-08    179   2.42684e-08   255   1.38768
 28   1.60748e-07   104  25.4528        180   5.58781       256   3.32555e-08
 29  79.2336        105  25.4528        181   5.58781       257   3.49372e-08
 30  79.2336        106   1.9061e-07    182   7.42463e-08   258   1.28188
 31  51.79          107   1.86792e-07   183   7.02909e-08   259   1.28188
 32  51.79          108  26.5651        184   5.91221       260   3.32131e-08
 33   2.20653e-07   109  26.5651        185   5.91221       261   2.46993e-08
 34 114.421         110   9.37424e-08   186   6.66345e-08   262   1.18218
 35 114.421         111   9.61772e-08   187   7.12126e-08   263   1.18218
 36   2.52001e-07   112  23.3178        188   4.77438       264   0.0834388
 37   2.54864e-07   113  23.3178        189   4.77438       265   0.0834389
 38 102.911         114   1.17822e-07   190   2.07533e-08   266   0.872522
 39 102.911         115   1.17242e-07   191   2.95194       267   0.872522
 40   2.22368e-07   116  22.0032        192   2.95194       268   4.93958e-09
 41   2.20905e-07   117  22.0032        193   1.8363e-08    269   5.10682e-09
 42  97.9646        118   9.94938e-08   194   4.25879       270   1.03763e-09
 43  97.9646        119   1.00543e-07   195   4.25879       271   4.81504e-10
 44   2.83143e-07   120  20.1167        196   1.04177e-07   272   2.40862e-10
 45   2.89961e-07   121  20.1167        197   1.02963e-07   273   1.66305e-10
 46  85.1795        122   1.0065e-07    198   4.36334       274   1.16752e-10
 47  85.1795        123   1.00758e-07   199   4.36334       275   8.82946e-11
 48   1.49964e-07   124  18.6601        200   3.47544e-08   276   6.80882e-11
 49   1.41774e-07   125  18.6601        201   3.87442e-08   277   5.51642e-11
 50  89.2685        126   9.54483e-08   202   3.8735        278   4.57333e-11
 51  89.2685        127   9.62284e-08   203   3.8735        279   3.88575e-11
 52   2.52045e-06   128  17.1575        204   5.48914e-08   280   3.37204e-11
 53  16.3277        129  17.1575        205   5.24598e-08   281   3.03373e-11
 54  16.3277        130   8.96435e-08   206   3.63203       282   2.62638e-11
 55  71.0291        131   8.96162e-08   207   3.63203       283   2.37315e-11
 56  71.0291        132  15.9375        208   4.1391e-08    284   2.14592e-11
 57   2.20418e-07   133  15.9375        209   4.31297e-08   285   1.97668e-11
 58   2.0878e-07    134   9.30949e-08   210   3.33323       286   1.8115e-11
 59  71.3653        135   9.43491e-08   211   3.33323       287   1.69657e-11
 60  71.3653        136  14.5076        212   4.53868e-08   288   1.5958e-11
 61   2.0525e-07    137  14.5076        213   4.48604e-08   289   1.51184e-11
 62  24.1863        138   7.44361e-08   214   3.08451       290   1.43405e-11
 63  24.1863        139   7.34679e-08   215   3.08451       291   1.36544e-11
 64  44.4283        140  13.8469        216   4.15423e-08   292   1.33991e-11
 65  44.4283        141  13.8469        217   4.22204e-08   293   1.28409e-11
 66   9.59333e-08   142   1.17962e-07   218   2.84527       294   1.30418e-11
 67  43.6497        143   1.20413e-07   219   2.84527       295   1.25552e-11
 68  43.6497        144  11.7394        220   4.15175e-08   296   1.36427e-11
 69   7.64311e-08   145  11.7394        221   4.1588e-08    297   1.30553e-11
 70  43.0345        146   3.45708e-08   222   2.62782       298   1.68047e-11
 71  43.0345        147   6.92141       223   2.62782       299   1.59833e-11
 72   1.01167e-07   148   6.92141       224   3.98584e-08   300   0
 73  34.619         149   3.42536e-08   225   4.02227e-08
 74  34.619         150  10.356         226   2.42589
 75   6.64194e-08   151  10.356         227   2.42589
;

R [*] :=
  0  0              76  9.64175       152  2.2558        228  0.504369
  1  0.00573347     77 10.0727        153  2.03688       229  0.454066
  2  0.0551119      78  9.79612       154  2.00042       230  0.444971
  3  0.160946       79  8.85914       155  2.1392        231  0.47522
  4  0.331289       80  8.71549       156  2.10267       232  0.466124
  5  0.574029       81  9.33737       157  1.89824       233  0.419546
  6  0.898772       82  9.19314       158  1.85796       234  0.411145
  7  1.31408        83  8.31205       159  1.974         235  0.439197
  8  1.83129        84  8.12173       160  1.93406       236  0.430793
  9  2.45939        85  8.58648       161  1.74589       237  0.387659
 10  3.21159        86  8.39913       162  1.7119        238  0.379901
 11  4.09698        87  7.59444       163  1.82539       239  0.405919
 12  5.1308         88  7.46488       164  1.79149       240  0.398154
 13  6.32166        89  7.9853        165  1.61696       241  0.358207
 14  7.6871         90  7.85547       166  1.58279       242  0.351042
 15  9.23445        91  7.10152       167  1.68232       243  0.375178
 16 10.9839         92  6.91255       168  1.64842       244  0.368003
 17 12.9405         93  7.25424       169  1.4877        245  0.331002
 18 15.1275         94  7.07018       170  1.46088       246  0.324385
 19 17.5463         95  6.71979       171  1.56261       247  0.346776
 20 20.2246         96  6.72827       172  1.53572       248  0.340147
 21 23.1579         97  6.40742       173  1.38569       249  0.305872
 22 26.3801         98  6.20049       174  1.35036       250  0.299761
 23 28.1836         99  6.43332       175  1.42305       251  0.320541
 24 28.3126        100  6.23481       176  1.38844       252  0.314417
 25 27.0189        101  5.9274        177  1.31548       253  0.282662
 26 26.1316        102  5.9383        178  1.31157       254  0.277015
 27 27.0573        103  5.65659       179  1.24521       255  0.296293
 28 26.2081        104  5.50276       180  1.21163       256  0.29063
 29 24.928         105  5.76968       181  1.27344       257  0.261209
 30 24.9731        106  5.61998       182  1.24068       258  0.256003
 31 24.6124        107  5.07996       183  1.11926       259  0.273917
 32 23.8604        108  4.9922        184  1.10174       260  0.268693
 33 22.3691        109  5.33961       185  1.18459       261  0.241427
 34 21.9402        110  5.25171       186  1.16688       262  0.236592
 35 23.3546        111  4.74619       187  1.05235       263  0.253169
 36 22.9282        112  4.64412       188  1.02443       264  0.249852
 37 20.7436        113  4.92599       189  1.07785       265  0.227306
 38 20.3026        114  4.82502       190  1.05057       266  0.22031
 39 21.5223        115  4.36044       191  0.995488      267  0.227761
 40 21.0866        116  4.27463       192  0.993274      268  0.219661
 41 19.0774        117  4.551         193  0.943141      269  0.197326
 42 18.7186        118  4.46565       194  0.918248      270  0.17733
 43 19.9418        119  4.03527       195  0.966707      271  0.159372
 44 19.5847        120  3.95264       196  0.942356      272  0.143201
 45 17.7168        121  4.20185       197  0.849667      273  0.128603
 46 17.3015        122  4.11985       198  0.834672      274  0.115396
 47 18.262         123  3.72252       199  0.894331      275  0.103425
 48 17.8542        124  3.64781       200  0.879257      276  0.0925576
 49 16.1525        125  3.88127       201  0.792575      277  0.0826777
 50 15.9391        126  3.80703       202  0.775885      278  0.0736862
 51 17.1728        127  3.43955       203  0.825859      279  0.0654968
 52 16.9563        128  3.36944       204  0.80926       280  0.058034
 53 15.5916        129  3.58313       205  0.729383      281  0.0512322
 54 14.5987        130  3.51352       206  0.715005      282  0.0450336
 55 14.5075        131  3.17411       207  0.763228      283  0.0393878
 56 15.3085        132  3.11101       208  0.748864      284  0.0342502
 57 14.9635        133  3.31199       209  0.674822      285  0.0295818
 58 13.5356        134  3.24923       210  0.661175      286  0.0253481
 59 13.3077        135  2.93504       211  0.705172      287  0.0215188
 60 14.2361        136  2.87344       212  0.691556      288  0.0180673
 61 14.0078        137  3.05254       213  0.623072      289  0.01497
 62 13.0472        138  2.99148       214  0.610602      290  0.0122064
 63 12.5397        139  2.70204       215  0.651623      291  0.00975856
 64 12.3844        140  2.65261       216  0.639169      292  0.00761086
 65 12.572         141  2.83349       217  0.575765      293  0.00574985
 66 12.057         142  2.78406       218  0.564202      294  0.00416407
 67 11.5728        143  2.51425       219  0.602136      295  0.00284386
 68 11.8099        144  2.45149       220  0.590587      296  0.00178128
 69 11.3554        145  2.58403       221  0.5319        297  0.000969996
 70 10.9292        146  2.52254       222  0.521239      298  0.000405221
 71 11.2142        147  2.38831       223  0.556435      299  8.36294e-05
 72 10.8112        148  2.37572       224  0.545781      300  0
 73 10.3107        149  2.25391       225  0.491449
 74 10.3896        150  2.19616       226  0.481598
 75  9.92735       151  2.31233       227  0.514217
;

tf = 177.751

altitude = 121643

# time height velocity acceleration mass thrust air_resistance
0.592503 0.000000 10.217939 34.490756 3.000000 200.000000 0.005733
1.185006 12.108320 31.687487 37.979919 2.850089 200.000000 0.055112
1.777509 37.549867 54.179705 37.942785 2.850089 200.000000 0.160946
2.370012 76.311603 77.795486 41.772519 2.700177 200.000000 0.331289
2.962515 129.737994 102.519199 41.682621 2.700177 200.000000 0.574029
3.555018 197.797481 128.464728 45.896771 2.550266 200.000000 0.898772
4.147521 281.969483 155.610460 45.733920 2.550266 200.000000 1.314084
4.740025 382.196830 184.085570 50.384099 2.400355 200.000000 1.831286
5.332528 500.112012 213.860783 50.122428 2.400355 200.000000 2.459390
5.925031 635.623168 245.083537 55.270287 2.250443 200.000000 3.211594
6.517534 790.537504 277.714798 54.876861 2.250443 200.000000 4.096977
7.110037 964.716905 311.924212 60.597358 2.100532 200.000000 5.130803
7.702540 1160.169607 347.660379 60.030428 2.100532 200.000000 6.321658
8.295043 1376.696583 385.120511 66.416623 1.950621 200.000000 7.687105
8.887546 1616.539772 424.237560 65.623364 1.950621 200.000000 9.234452
9.480049 1879.420691 465.243791 72.793580 1.800709 200.000000 10.983914
10.072552 2167.856515 508.052322 71.707041 1.800709 200.000000 12.940455
10.665055 2481.465804 552.941187 79.815772 1.650798 200.000000 15.127526
11.257558 2823.095209 599.798198 78.350536 1.650798 200.000000 17.546334
11.850061 3192.230343 648.962920 87.605476 1.500886 200.000000 20.224603
12.442564 3592.120245 700.290442 85.651085 1.500886 200.000000 23.157921
13.035067 4022.078806 754.205720 96.340475 1.350975 200.000000 26.380139
13.627570 4485.858643 787.192354 15.006237 1.350975 91.922915 28.183587
14.220074 4954.906568 796.804954 17.441188 1.282074 91.922915 28.312587
14.812577 5430.077395 786.197022 -53.248367 1.282074 0.000000 27.018892
15.405080 5886.554856 780.630168 34.457395 1.282074 111.557944 26.131585
15.997583 6355.128926 802.194732 38.334008 1.198455 111.557944 27.057292
16.590086 6837.160528 797.541152 -54.042215 1.198455 0.000000 26.208065
17.182589 7300.220077 785.423538 13.139087 1.198455 79.233647 24.927965
17.775092 7767.892232 793.896662 15.462030 1.139065 79.233647 24.973133
18.367595 8240.992485 796.014148 -8.314433 1.139065 51.789971 24.612383
18.960098 8711.173874 791.539692 -6.789139 1.100245 51.789971 23.860403
19.552601 9178.971869 773.973707 -52.505019 1.100245 0.000000 22.369103
20.145104 9628.337458 773.788810 51.880899 1.100245 114.421217 21.940230
20.737607 10095.916349 806.220573 57.592839 1.014480 114.421217 23.354567
21.330110 10583.713775 807.055385 -54.774921 1.014480 0.000000 22.928180
21.922613 11052.281924 775.239028 -52.621511 1.014480 0.000000 20.743588
22.515116 11502.376772 774.241706 49.255043 1.014480 102.910767 20.302642
23.107619 11969.763090 805.025189 54.654909 0.937342 102.910767 21.522349
23.700123 12456.336553 805.020681 -54.670125 0.937342 0.000000 21.086572
24.292626 12923.717529 773.263486 -52.526606 0.937342 0.000000 19.077361
24.885129 13372.658520 773.216858 52.369215 0.937342 97.964558 18.718618
25.477632 13839.984242 805.955152 58.139224 0.863912 97.964558 19.941844
26.070135 14327.720313 806.931436 -54.843768 0.863912 0.000000 19.584694
26.662638 14796.202937 775.076884 -52.681591 0.863912 0.000000 17.716763
27.255141 15246.191169 773.214914 46.396495 0.863912 85.179535 17.301510
27.847644 15712.467348 802.206857 51.466095 0.800066 85.179535 18.261979
28.440147 16196.811208 801.311061 -54.489863 0.800066 0.000000 17.854153
29.032650 16662.025864 769.655729 -52.363025 0.800066 0.000000 16.152543
29.625153 17108.857962 771.764224 59.480269 0.800066 89.268509 15.939090
30.217656 17576.571197 808.986054 66.162391 0.733154 89.268509 17.172821
30.810159 18067.511392 812.203500 -55.301872 0.733154 0.000003 16.956287
31.402662 18539.037320 786.586083 -31.169972 0.733154 16.327658 15.591551
31.995165 18999.620720 768.530820 -29.775751 0.720915 16.327655 14.598721
32.587668 19449.751049 773.404988 46.228554 0.720915 71.029084 14.507492
33.180172 19916.110369 802.292230 51.280618 0.667675 71.029084 15.308534
33.772675 20400.472256 801.313175 -54.585426 0.667675 0.000000 14.963546
34.365178 20865.671390 769.604744 -52.446700 0.667675 0.000000 13.535573
34.957681 21312.458592 770.296262 54.780926 0.667675 71.365346 13.307728
35.550184 21778.477179 804.549954 60.842753 0.614182 71.365346 14.236086
36.142687 22265.855216 806.286442 -54.981220 0.614182 0.000000 14.007795
36.735190 22733.931552 785.839512 -14.037594 0.614182 24.186268 13.047205
37.327693 23197.079852 777.937838 -12.634584 0.596053 24.186267 12.539730
37.920196 23655.792656 780.589761 21.586175 0.596053 44.428303 12.384362
38.512699 24122.083500 794.223327 24.434063 0.562752 44.428303 12.572004
39.105202 24596.952164 785.583163 -53.599023 0.562752 0.000000 12.056974
39.697705 25053.004361 777.059129 24.826061 0.562752 43.649744 11.572848
40.290208 25517.771993 792.678526 27.897367 0.530034 43.649744 11.809877
40.882711 25992.333270 785.064701 -53.597908 0.530034 0.000000 11.355400
41.475214 26448.078473 777.599259 28.398235 0.530034 43.034508 10.929164
42.067717 26913.793156 795.418501 31.750793 0.497777 43.034508 11.214203
42.660221 27390.654269 788.858850 -53.892961 0.497777 0.000000 10.811204
43.252724 27848.595725 777.828430 16.659670 0.497777 34.618953 10.310666
43.845227 28312.385724 788.445404 19.178031 0.471828 34.618953 10.389610
44.437730 28782.908359 778.362143 -53.214180 0.471828 0.000000 9.927353
45.030233 29234.749631 774.399987 39.839884 0.471828 43.619936 9.641746
45.622736 29700.577088 799.302920 44.220214 0.439133 43.619936 10.072738
46.215239 30181.928488 796.262885 -54.481882 0.439133 0.000000 9.796121
46.807742 30644.153485 764.614318 -52.348172 0.439133 0.000000 8.859139
47.400245 31088.001139 765.494714 55.319956 0.439133 47.136950 8.715491
47.992748 31551.269410 800.083679 61.435441 0.403801 47.136950 9.337374
48.585251 32036.105200 802.007808 -54.940523 0.403801 0.000000 9.193142
49.177754 32501.653576 770.101803 -52.758514 0.403801 0.000000 8.312045
49.770257 32948.680555 768.417403 47.072804 0.403801 40.121665 8.121735
50.362760 33412.232906 797.828951 52.206168 0.373727 40.121665 8.586482
50.955263 33894.112749 797.105572 -54.647939 0.373727 0.000000 8.399128
51.547766 34356.807892 765.364370 -52.494804 0.373727 0.000000 7.594442
52.140270 34801.074216 765.923063 54.380679 0.373727 39.812738 7.464880
52.732773 35264.431415 799.920624 60.378426 0.343886 39.812738 7.985299
53.325276 35748.985056 801.508876 -55.017265 0.343886 0.000000 7.855468
53.917779 36214.224343 769.560491 -52.824829 0.343886 0.000000 7.101521
54.510282 36660.918952 766.411266 42.194590 0.343886 32.486835 6.912553
55.102785 37122.426388 792.773874 46.792656 0.319535 32.486835 7.254241
55.695288 37600.360849 790.549670 -54.300477 0.319535 0.000000 7.070179
56.287791 38059.232591 778.177207 12.537103 0.319535 21.006545 6.719791
56.880294 38522.505606 786.283742 14.826585 0.303789 21.006545 6.728275
57.472797 38990.983641 774.896102 -53.265677 0.303789 0.000000 6.407424
58.065300 39440.762234 769.517133 35.108917 0.303789 26.640308 6.200485
58.657803 39902.866158 791.478619 39.022299 0.283821 26.640308 6.433320
59.250306 40378.669247 786.999554 -54.141430 0.283821 0.000000 6.234813
59.842809 40835.465451 774.751933 12.799463 0.283821 18.691805 5.927401
60.435312 41296.755033 783.015538 15.094420 0.269810 18.691805 5.938302
61.027815 41763.343660 771.744752 -53.139073 0.269810 0.000000 5.656591
61.620319 42211.277292 768.375746 41.766960 0.269810 25.452790 5.502765
62.212822 42673.873627 794.474193 46.328608 0.250732 25.452790 5.769683
62.805325 43152.734077 792.027251 -54.588286 0.250732 0.000000 5.619977
63.397828 43612.430771 760.321576 -52.434534 0.250732 0.000000 5.079962
63.990331 44053.719803 760.745611 53.865867 0.250732 26.565142 4.992203
64.582834 44513.918980 794.414300 59.783131 0.230820 26.565142 5.339615
65.175337 44995.105616 795.853102 -54.926441 0.230820 0.000000 5.251714
65.767840 45457.009782 763.957842 -52.736328 0.230820 0.000000 4.746193
66.360343 45900.400338 762.770299 48.727766 0.230820 23.317849 4.644119
66.952846 46360.897259 793.213762 54.034449 0.213342 23.317849 4.925987
67.545349 46840.363506 792.989819 -54.790373 0.213342 0.000000 4.825017
68.137852 47300.595052 761.171476 -52.612762 0.213342 0.000000 4.360442
68.730355 47742.356368 760.671641 50.925566 0.213342 22.003240 4.274633
69.322858 48201.995606 792.491884 56.483981 0.196849 22.003240 4.550998
69.915361 48681.464105 792.973093 -54.859655 0.196849 0.000000 4.465650
70.507865 49141.673579 761.116295 -52.673285 0.196849 0.000000 4.035266
71.100368 49583.391576 760.306588 49.940112 0.196849 20.116728 3.952640
71.692871 50042.641544 791.508078 55.380828 0.181770 20.116728 4.201847
72.285374 50521.333498 791.668561 -54.839119 0.181770 0.000000 4.119849
72.877877 50980.773638 759.823793 -52.653213 0.181770 0.000000 3.722516
73.470380 51421.729347 759.160854 50.415458 0.181770 18.660131 3.647808
74.062883 51880.383901 790.659592 55.908846 0.167784 18.660131 3.881272
74.655386 52358.665807 790.969092 -54.864126 0.167784 0.000000 3.807032
75.247889 52817.687121 759.110782 -52.673919 0.167784 0.000000 3.439551
75.840392 53258.216734 758.319652 50.003451 0.167784 17.157468 3.369437
76.432895 53716.300553 789.559153 55.445798 0.154923 17.157468 3.583135
77.025398 54193.849168 789.734740 -54.853103 0.154923 0.000000 3.513518
77.617901 54652.141058 757.883148 -52.662262 0.154923 0.000000 3.174106
78.210404 55091.945342 757.277782 50.618843 0.154923 15.937540 3.111014
78.802907 55549.519870 788.902518 56.130766 0.142977 15.937540 3.311986
79.395410 56026.799658 789.267267 -54.899553 0.142977 0.000000 3.249232
79.987914 56484.806416 757.390123 -52.702064 0.142977 0.000000 2.935042
80.580417 56924.311593 756.351708 49.196886 0.142977 14.507612 2.873444
81.172920 57381.087824 787.083717 54.539317 0.132103 14.507612 3.052543
81.765423 57857.010620 787.000835 -54.819087 0.132103 0.000000 2.991479
82.357926 58313.688634 755.169459 -52.628041 0.132103 0.000000 2.702035
82.950429 58751.891055 755.150803 52.565068 0.132103 13.846875 2.652610
83.542932 59208.546962 787.996097 58.304549 0.121724 13.846875 2.833487
84.135435 59685.671257 788.961465 -55.045939 0.121724 0.000000 2.784058
84.727938 60143.471131 757.003238 -52.829375 0.121724 0.000000 2.514250
85.320441 60582.724731 754.425877 44.129468 0.121724 11.739437 2.451493
85.912944 61037.470417 781.986457 48.901543 0.112924 11.739437 2.584033
86.505447 61509.383472 780.324252 -54.512333 0.112924 0.000000 2.522542
87.097950 61962.159435 766.535654 7.968784 0.112924 6.921409 2.388311
87.690453 62417.732918 771.864478 10.018714 0.107736 6.921409 2.375719
88.282956 62876.823570 759.103170 -53.094635 0.107736 0.000000 2.253913
88.875459 63317.274825 756.279872 43.564563 0.107736 10.355956 2.196158
89.467963 63773.019851 783.489920 48.283224 0.099974 10.355956 2.312325
90.060466 64245.715180 781.577718 -54.737880 0.099974 0.000000 2.255802
90.652969 64699.194235 749.794080 -52.548105 0.099974 0.000000 2.036881
91.245472 65134.225758 749.874237 52.818673 0.099974 10.497473 2.000415
91.837975 65587.799799 782.874110 58.572728 0.092106 10.497473 2.139196
92.430478 66061.936374 783.931671 -55.002920 0.092106 0.000000 2.102670
93.022981 66516.763631 751.999815 -52.783377 0.092106 0.000000 1.898238
93.615484 66953.060762 750.829391 48.832598 0.092106 9.319117 1.857960
94.207987 67406.501059 781.328365 54.116993 0.085120 9.319117 1.973998
94.800490 67878.939661 781.097746 -54.895451 0.085120 0.000000 1.934058
95.392993 68332.106673 749.226929 -52.684810 0.085120 0.000000 1.745887
95.985496 68766.778162 748.703597 50.918297 0.085120 8.784741 1.711897
96.577999 69219.325022 780.508629 56.439907 0.078536 8.784741 1.825388
97.170502 69691.685668 780.939588 -54.985201 0.078536 0.000000 1.791493
97.763005 70144.743217 749.019067 -52.762835 0.078536 0.000000 1.616958
98.355508 70579.277852 747.859282 48.847967 0.078536 7.945906 1.582791
98.948012 71030.961048 778.365282 54.125341 0.072580 7.945906 1.682320
99.540515 71501.645479 778.139979 -54.885854 0.072580 0.000000 1.648421
100.133018 71953.061690 746.275978 -52.671399 0.072580 0.000000 1.487697
100.725521 72385.987085 746.274790 52.667391 0.072580 7.618644 1.460875
101.318024 72837.401888 779.176149 58.391472 0.066869 7.618644 1.562606
101.910527 73309.315594 780.139400 -55.140006 0.066869 0.000000 1.535718
102.503030 73761.871856 748.133435 -52.896449 0.066869 0.000000 1.385693
103.095533 74195.858298 745.297406 43.323404 0.066869 6.398806 1.350358
103.688036 74645.053848 772.347943 47.985952 0.062073 6.398806 1.423046
104.280539 75111.095341 770.405726 -54.541924 0.062073 0.000000 1.388442
104.873042 75557.989353 756.964390 9.170560 0.062073 3.881858 1.315482
105.465545 76008.102781 763.019933 11.269986 0.059163 3.881858 1.311572
106.058048 76462.172648 750.591875 -53.221018 0.059163 0.000000 1.245209
106.650551 76897.558751 747.206549 41.793815 0.059163 5.587808 1.211633
107.243054 77347.616985 773.305916 46.304861 0.054975 5.587808 1.273445
107.835557 77813.930999 770.806374 -54.742090 0.054975 0.000000 1.240677
108.428061 78261.027261 739.025845 -52.533401 0.054975 0.000000 1.119255
109.020564 78689.681153 739.854068 55.329074 0.054975 5.912210 1.101742
109.613067 79137.758863 774.423969 61.361972 0.050543 5.912210 1.184593
110.205570 79607.378300 776.231496 -55.260647 0.050543 0.000000 1.166876
110.798073 80057.597941 744.160669 -52.994747 0.050543 0.000000 1.052350
111.390576 80489.213252 740.909047 42.018864 0.050543 4.774378 1.024426
111.983079 80935.579701 767.143192 46.534754 0.046965 4.774378 1.077850
112.575582 81398.282634 764.770630 -54.543362 0.046965 0.000000 1.050569
113.168085 81841.837582 751.421696 9.483901 0.046965 2.951936 0.995488
113.760588 82288.721947 757.665767 11.593025 0.044752 2.951936 0.993274
114.353091 82739.676158 745.325172 -53.248828 0.044752 0.000000 0.943141
114.945594 83171.936842 742.132390 42.471561 0.044752 4.258786 0.918248
115.538097 83619.107586 768.650053 47.039077 0.041560 4.258786 0.966707
116.130600 84082.791863 766.336438 -54.848706 0.041560 0.000000 0.942356
116.723103 84527.220960 734.499128 -52.618453 0.041560 0.000000 0.849667
117.315606 84953.177830 734.532704 52.731790 0.041560 4.363339 0.834672
117.908110 85397.646715 767.463403 58.426111 0.038289 4.363339 0.894331
118.500613 85862.626664 768.437644 -55.137549 0.038289 0.000000 0.879257
119.093116 86308.250031 736.439149 -52.873692 0.038289 0.000000 0.792575
119.685619 86735.311566 735.210512 48.726417 0.038289 3.873499 0.775885
120.278122 87179.478992 765.629163 53.952041 0.035386 3.873499 0.825859
120.870625 87642.586814 765.305781 -55.043620 0.035386 0.000000 0.809260
121.463128 88086.371031 733.361001 -52.786305 0.035386 0.000000 0.729383
122.055631 88511.624093 732.612801 50.260750 0.035386 3.632026 0.715005
122.648134 88954.521688 763.990538 55.655115 0.032663 3.632026 0.763228
123.240637 89416.957561 764.154789 -55.100685 0.032663 0.000000 0.748864
123.833140 89860.049794 732.179010 -52.833877 0.032663 0.000000 0.674822
124.425643 90284.594173 731.230388 49.631795 0.032663 3.333231 0.661175
125.018146 90726.562284 762.212576 54.948890 0.030165 3.333231 0.705172
125.610649 91187.820745 762.167870 -55.099796 0.030165 0.000000 0.691556
126.203152 91629.735879 730.193656 -52.829483 0.030165 0.000000 0.623072
126.795655 92053.104701 729.307636 49.838714 0.030165 3.084512 0.610602
127.388159 92493.969895 760.417712 55.173656 0.027853 3.084512 0.651623
127.980662 92954.204347 760.433022 -55.121975 0.027853 0.000000 0.639169
128.573165 93395.087685 728.447466 -52.845587 0.027853 0.000000 0.575765
129.165668 93817.419057 727.522342 49.722820 0.027853 2.845270 0.564202
129.758171 94257.206117 758.558112 55.038733 0.025720 2.845270 0.602136
130.350674 94716.315067 758.529314 -55.135943 0.025720 0.000000 0.590587
130.943177 95156.068000 726.537065 -52.854212 0.025720 0.000000 0.531900
131.535680 95577.265940 725.611425 49.729703 0.025720 2.627823 0.521239
132.128183 96015.921983 756.649710 55.040339 0.023751 2.627823 0.556435
132.720686 96473.900482 756.616120 -55.153724 0.023751 0.000000 0.545781
133.313189 96912.516720 724.615081 -52.866103 0.023751 0.000000 0.491449
133.905692 97332.573791 723.673872 49.689045 0.023751 2.425890 0.481598
134.498195 97770.074692 754.684848 54.988814 0.021932 2.425890 0.514217
135.090698 98226.879960 754.630951 -55.170745 0.021932 0.000000 0.504369
135.683201 98664.316992 722.621591 -52.877168 0.021932 0.000000 0.454066
136.275705 99083.190972 721.670139 49.665532 0.021932 2.239892 0.444971
136.868208 99519.500528 752.664478 54.956169 0.020253 2.239892 0.475220
137.460711 99975.102989 752.595573 -55.188759 0.020253 0.000000 0.466124
138.053214 100411.330892 720.577381 -52.888966 0.020253 0.000000 0.419546
138.645717 100828.991601 719.613348 49.634862 0.020253 2.068043 0.411145
139.238220 101264.077118 750.586507 54.915345 0.018703 2.068043 0.439197
139.830723 101718.441210 750.500065 -55.207132 0.018703 0.000000 0.430793
140.423226 102153.424292 718.472887 -52.900925 0.018703 0.000000 0.387659
141.015729 102569.835982 717.496692 49.605770 0.018703 1.909442 0.379901
141.608232 103003.662268 748.449593 54.876056 0.017272 1.909442 0.405919
142.200735 103456.753335 748.345894 -55.226094 0.017272 0.000000 0.398154
142.793238 103890.456737 716.309450 -52.913243 0.017272 0.000000 0.358207
143.385741 104305.584421 715.320811 49.576085 0.017272 1.763024 0.351042
143.978244 104738.116280 746.253015 54.835879 0.015950 1.763024 0.375178
144.570747 105189.898816 746.131619 -55.245655 0.015950 0.000000 0.368003
145.163250 105622.286819 714.085623 -52.925924 0.015950 0.000000 0.331002
145.755754 106036.094654 713.083596 49.543571 0.015950 1.627816 0.324385
146.348257 106467.295248 743.993262 54.792316 0.014730 1.627816 0.346776
146.940760 106917.731227 743.853046 -55.265616 0.014730 0.000000 0.340147
147.533263 107348.765665 711.797328 -52.938781 0.014730 0.000000 0.305872
148.125766 107761.215421 710.783804 49.517622 0.014730 1.503104 0.299761
148.718269 108191.048827 741.674971 54.755821 0.013604 1.503104 0.320541
149.310772 108640.104806 741.517704 -55.286678 0.013604 0.000000 0.314417
149.903275 109069.751849 709.451701 -52.952435 0.013604 0.000000 0.282662
150.495778 109480.809417 708.420180 49.470526 0.013604 1.387678 0.277015
151.088281 109909.234102 739.279532 54.695523 0.012563 1.387678 0.296293
151.680784 110356.860191 739.098418 -55.306874 0.012563 0.000000 0.290630
152.273287 110785.070255 707.022674 -52.965120 0.012563 0.000000 0.261209
152.865790 111194.686391 705.990693 49.481659 0.012563 1.281884 0.256003
153.458293 111621.673552 736.854610 54.699799 0.011603 1.281884 0.273917
154.050796 112067.863618 736.667347 -55.331908 0.011603 0.000000 0.268693
154.643299 112494.628871 704.579210 -52.981920 0.011603 0.000000 0.241427
155.235803 112902.794297 703.495298 49.323165 0.011603 1.182176 0.236592
155.828306 113328.275108 734.257507 54.514980 0.010717 1.182176 0.253169
156.420809 113772.893941 736.275692 -47.702576 0.010717 0.083439 0.249852
157.013312 114200.766314 708.611692 -45.677531 0.010654 0.083439 0.227306
157.605815 114612.603137 703.683850 29.043550 0.010654 0.872522 0.220310
158.198318 115034.635986 721.857569 32.302020 0.010000 0.872522 0.227761
158.790821 115468.008778 715.388011 -54.140076 0.010000 0.000000 0.219661
159.383324 115882.375162 683.971525 -51.906585 0.010000 0.000000 0.197326
159.975827 116278.519226 653.809107 -49.906958 0.010000 0.000000 0.177330
160.568330 116657.142959 624.771077 -48.111202 0.010000 0.000000 0.159372
161.160833 117018.876779 596.744114 -46.494090 0.010000 0.000000 0.143201
161.753336 117364.288390 569.628696 -45.034274 0.010000 0.000000 0.128603
162.345839 117693.890274 543.337004 -43.713596 0.010000 0.000000 0.115396
162.938342 118008.146068 517.791196 -42.516533 0.010000 0.000000 0.103425
163.530845 118307.476013 492.921979 -41.429756 0.010000 0.000000 0.092558
164.123348 118592.261633 468.667415 -40.441770 0.010000 0.000000 0.082678
164.715852 118862.849771 444.971915 -39.542625 0.010000 0.000000 0.073686
165.308355 119119.556079 421.785403 -38.723680 0.010000 0.000000 0.065497
165.900858 119362.668057 399.062589 -37.977403 0.010000 0.000000 0.058034
166.493361 119592.447692 376.762367 -37.297218 0.010000 0.000000 0.051232
167.085864 119809.133770 354.847285 -36.677361 0.010000 0.000000 0.045034
167.678367 120012.943899 333.283096 -36.112776 0.010000 0.000000 0.039388
168.270870 120204.076280 312.038367 -35.599019 0.010000 0.000000 0.034250
168.863373 120382.711274 291.084141 -35.132179 0.010000 0.000000 0.029582
169.455876 120549.012770 270.393641 -34.708811 0.010000 0.000000 0.025348
170.048379 120703.129395 249.942006 -34.325884 0.010000 0.000000 0.021519
170.640882 120845.195579 229.706067 -33.980729 0.010000 0.000000 0.018067
171.233385 120975.332492 209.664139 -33.671000 0.010000 0.000000 0.014970
171.825888 121093.648868 189.795841 -33.394640 0.010000 0.000000 0.012206
172.418391 121200.241726 170.081932 -33.149856 0.010000 0.000000 0.009759
173.010894 121295.196999 150.504167 -32.935086 0.010000 0.000000 0.007611
173.603397 121378.590086 131.045160 -32.748985 0.010000 0.000000 0.005750
174.195901 121450.486317 111.688265 -32.590407 0.010000 0.000000 0.004164
174.788404 121510.941364 92.417460 -32.458386 0.010000 0.000000 0.002844
175.380907 121560.001573 73.217247 -32.352128 0.010000 0.000000 0.001781
175.973410 121597.704249 54.072546 -32.271000 0.010000 0.000000 0.000970
176.565913 121624.077872 34.968612 -32.214522 0.010000 0.000000 0.000405
177.158416 121639.142268 15.890936 -32.182363 0.010000 0.000000 0.000084
 
