

*************************************************************

   NEOS Server Version 5.0
   Job#     : 322484
   Password : LFnrBGDt
   Solver   : nco:LOQO:AMPL
   Start    : 2012-10-13 14:58:44
   End      : 2012-10-13 15:00:14
   Host     : neos-4.chtc.wisc.edu

   Disclaimer:

   This information is provided without any express or
   implied warranty. In particular, there is no warranty
   of any kind concerning the fitness of this
   information  for any particular purpose.
*************************************************************
Job 322484 sent to neos-4.chtc.wisc.edu
password: LFnrBGDt
---------- Begin Solver Output -----------
Executing /opt/neos/Drivers/loqo-ampl/loqo-driver.py at time: 2012-10-13 20:01:30.909992
File exists
You are using the solver loqo.

%% YOUR COMMENTS %%%%%%%%%%%%%%%%%%%%%%%
Digit 3
%%%%%%%%%%%%%%%%%%%%%%%%%%%%%%%%%%%%%%%%
Executing AMPL.
processing data.
processing commands.

930 variables, all nonlinear
1 constraint, all linear; 930 nonzeros
	1 equality constraint
1 nonlinear objective; 930 nonzeros.

LOQO 6.07: optimal solution (32 QP iterations, 94 evaluations)
primal objective 595.3502056
  dual objective 595.3502093
a [*] :=
  1  9.32033e-10   234  1.83285       467  1.29368e-09   700  2.05049
  2  2.96234e-09   235  4.26603e-08   468  1.37764e-09   701  7.20698e-10
  3  1.30781e-09   236  8.66275e-10   469  5.80702e-10   702  1.0324e-09
  4  6.46175e-10   237  1.61353       470  3.1658e-09    703  5.2606
  5  1.29395e-09   238  1.25173       471  2.60772       704  1.98482
  6  3.73474e-10   239  6.12986       472  5.66838e-10   705  5.00268e-09
  7  1.09932       240  4.9892        473  4.42615e-10   706  1.54366e-09
  8  9.28014e-10   241  9.15784e-10   474  6.45882e-10   707  1.48569e-08
  9  1.91635e-09   242  9.6131e-10    475  2.30624e-09   708  1.16059e-08
 10  6.5476e-10    243  0.424623      476  1.6569        709  2.29652e-09
 11  6.36353e-10   244  1.24349       477  0.800759      710  8.39547e-10
 12  3.74861e-10   245  4.19969e-10   478  6.70636e-10   711  9.45979e-10
 13  4.49513e-10   246  3.64574e-10   479  3.42992e-09   712  8.74421e-10
 14  7.15353e-10   247  5.1318e-10    480  1.02488       713  3.24526e-09
 15  2.18022e-09   248  3.78112e-10   481  1.05976       714  1.00118e-09
 16  4.4594e-10    249  0.775783      482  5.75231       715  7.38437
 17  5.88193e-10   250  5.69614e-10   483  1.87631       716  9.46142e-10
 18  3.0936e-10    251  7.27603e-10   484  6.7305e-10    717  4.23189e-10
 19  4.35652e-09   252  2.85703e-09   485  4.81006e-10   718  2.57928e-09
 20  5.16113e-10   253  6.69384e-10   486  5.02697e-10   719  5.02965e-09
 21  4.02624e-10   254  1.79989e-09   487  7.03645e-10   720  4.59688
 22  0.149863      255  2.01165e-09   488  4.43638e-10   721  3.42115e-09
 23  3.61732e-06   256  0.751952      489  8.85499e-10   722  2.19534
 24  6.64563e-09   257  5.90543e-09   490  5.01565       723  1.02383e-08
 25  5.90023e-10   258  1.72393       491  3.1658e-09    724  2.14727e-09
 26  5.35415e-09   259  3.30311e-09   492  4.43638e-10   725  5.54193e-10
 27  7.35019e-10   260  0.228956      493  2.17791       726  2.38442e-09
 28  3.82498e-10   261  5.7938e-08    494  8.61891       727  1.37565e-09
 29  1.25584e-09   262  2.6372e-10    495  4.57992       728  6.18199e-10
 30  1.25584e-09   263  1.29786e-09   496  9.06885e-10   729  1.5128e-09
 31  2.14636e-09   264 29.1502        497  1.32978       730  1.79923e-08
 32  3.89086e-10   265  5.5892e-10    498  4.33738e-10   731  6.17897e-10
 33  5.59848e-10   266  3.46398e-09   499  7.54798e-10   732  1.20183e-09
 34  5.30909e-10   267  0.578429      500  4.79815e-09   733  9.74709e-10
 35  2.79716e-09   268  2.12541       501  3.91055e-09   734  1.23842e-09
 36  4.22595e-10   269  0.627214      502  9.16033e-10   735  6.20953
 37  7.47446e-10   270  0.186936      503  3.76678       736 16.9741
 38  5.16149e-10   271  6.06737e-09   504  1.02364e-09   737  1.58022e-08
 39  1.32579e-09   272  3.93408e-09   505  1.99959e-09   738  2.98491e-08
 40  0.349568      273  2.68775e-10   506  0.0687881     739  2.73748
 41  1.88868e-09   274  1.1139e-09    507  1.14149       740  1.83388
 42  5.60892e-10   275  3.68216       508  4.4307e-10    741  1.26446e-09
 43  9.46744e-10   276  5.54974e-10   509  5.26565e-10   742  2.45044e-09
 44  1.98595e-09   277  3.08874e-10   510  9.17334e-10   743  9.68546e-10
 45  4.36246e-10   278  1.36936       511  8.48888e-10   744  2.1093
 46  1.66853e-09   279  1.26361e-09   512  5.68704e-10   745  7.14235e-09
 47  5.35211e-09   280  7.12184       513  6.14517e-10   746  7.67413e-10
 48  1.37707e-09   281  3.70445       514  2.42755e-09   747  1.1428e-09
 49  1.03026e-09   282  9.98088       515  1.00033e-09   748  1.48712
 50  5.10331e-10   283  2.49481       516  1.86316e-09   749  0.451513
 51  6.86079e-10   284  1.93426       517  6.30264e-10   750  5.19841e-09
 52  3.52883e-10   285  3.87051       518  0.992835      751  4.04742e-10
 53  5.93116e-10   286  5.41306       519  8.7966e-10    752  1.34552
 54  3.61508e-09   287  7.31726       520  6.97677e-10   753  2.82527e-10
 55  4.00417e-10   288  9.65588       521  1.88177e-09   754  1.02463e-08
 56  9.62397e-10   289  4.83997       522  0.594478      755  1.9334e-09
 57  6.83375e-10   290  6.4668        523  5.53759e-09   756  6.74295e-10
 58  3.14116e-10   291 13.4551        524  2.66154       757  6.42601e-10
 59  4.67003e-10   292  5.92919       525  2.13389       758  6.40168e-10
 60  4.34215e-10   293 95.6139        526  6.16906e-10   759  5.45875e-10
 61  1.34672e-09   294  1.86471e-09   527  1.07215       760  8.16737e-10
 62  3.98882e-09   295  7.26643       528  2.08151e-09   761  6.6282e-10
 63  1.01094e-07   296  2.35655       529  6.77357e-09   762  1.93331e-09
 64  5.07463       297  3.13711       530  3.10768e-06   763  1.92027e-09
 65  9.59017e-10   298  9.19994e-09   531  2.8765        764  1.60224e-08
 66  4.27244e-10   299  2.85409       532  4.43232e-10   765  3.89041e-09
 67  4.46794e-06   300  7.94383e-10   533  2.12291e-09   766  1.27473e-09
 68  4.82573e-10   301 15.364         534  8.83981e-10   767  1.60066e-09
 69  7.41593e-09   302  6.84358       535  3.40963       768  3.04073e-10
 70  4.55705e-10   303  4.54147       536  5.77401e-10   769  6.75635e-10
 71  3.5731e-10    304  1.72443e-09   537  2.25043       770  1.92075
 72  4.64367e-10   305  8.47679       538  1.58468       771  1.02463e-08
 73  7.51875e-10   306  7.45766       539  1.00673e-09   772  4.75504e-10
 74  1.0833e-09    307  5.8216        540  4.34052e-10   773  2.37072e-10
 75  4.56251e-10   308 12.1527        541  3.26732e-08   774  1.46105e-09
 76  6.42044e-08   309  3.46285       542  9.55959e-10   775  1.1821e-08
 77  0.0687445     310  4.10706       543  4.39579e-10   776  3.64475e-09
 78  1.31676e-09   311  3.03269e-09   544  1.00227e-09   777  2.67547
 79  6.19262e-10   312  8.59689       545  1.62313       778  1.51562e-09
 80  6.08145e-09   313 14.1505        546  1.75454e-09   779  3.79481
 81  0.366071      314  5.34752e-09   547  7.76574e-10   780  1.21545e-09
 82  3.28458       315  0.463806      548  1.98388       781  3.88528e-08
 83  0.0541976     316  6.54372e-10   549 10.7161        782  5.15123e-10
 84  1.02357e-09   317  4.85545       550  0.478943      783  0.410506
 85  7.01226e-10   318  1.5954e-09    551  5.42061e-10   784  1.13091e-09
 86  7.29818e-10   319  2.73196       552  6.60061e-10   785  2.05464e-09
 87  1.38442e-09   320  0.542571      553  5.93179e-10   786  2.04182
 88  5.81681e-09   321  8.31137       554  3.24054e-10   787  1.23838e-09
 89  9.61249e-10   322  0.120747      555  1.51281e-09   788  1.31866e-09
 90  4.09949e-10   323  9.87657e-10   556  7.77989e-10   789  6.65923e-10
 91  3.0778e-10    324  3.77893e-09   557  2.65014e-07   790  7.42973e-10
 92  1.03473e-09   325  3.52661       558  8.74801e-09   791  4.46185e-10
 93  8.32646e-09   326  9.15351       559  1.3844        792  6.60913
 94  6.1819e-10    327  6.86137e-09   560  3.83255e-10   793  1.90125
 95  1.21536e-09   328  0.00271695    561  1.17864e-09   794  1.61376
 96  4.80123e-10   329  4.86752       562  5.48016e-10   795  0.77238
 97  4.38588e-10   330  3.69966       563  2.78511e-09   796  1.4765e-09
 98  4.18634e-09   331  2.74952e-09   564  6.20135e-10   797  1.52663e-09
 99  1.77428e-09   332  7.1692        565  0.856975      798  1.09534e-09
100  1.49868e-09   333  2.47963e-09   566  6.52629e-10   799  1.73953e-09
101  3.863         334  1.40982e-09   567  7.75357e-10   800  1.40722e-08
102  6.60008e-10   335  2.58011       568  4.33308e-10   801  1.08383
103  4.56436e-10   336  1.24711e-09   569  3.63482e-10   802  1.16847e-09
104  1.51048e-09   337  3.01774       570  6.78995e-10   803  8.42109e-09
105  6.13942e-10   338  1.044         571  7.59519e-10   804  4.78486e-10
106  1.76973e-09   339  5.14882       572  6.25133e-10   805  7.09516e-10
107  5.72402e-10   340  5.44416       573  4.26449e-10   806  1.25119e-09
108  7.85492e-10   341  4.35788e-09   574  4.78826e-10   807  3.74415e-09
109  4.14447e-10   342  1.38604       575  4.80007e-10   808  2.24384
110  6.13942e-10   343  6.65133       576  1.31712e-09   809  3.77239e-10
111  6.1819e-10    344  7.76098       577  8.06784e-10   810  1.26597e-09
112  1.41632e-09   345  5.58904       578  6.73978e-10   811  0.100845
113  7.97967e-10   346  2.76614e-09   579  9.11814e-10   812  8.22981
114  7.97967e-10   347 20.1895        580  3.24243e-10   813  7.68286e-10
115  1.29517e-09   348 26.6137        581  5.02598e-10   814  2.97119
116  2.26906e-09   349  7.82866e-09   582  3.49673e-10   815  2.68549e-09
117  2.11923e-09   350  7.39695e-09   583  4.14923e-10   816  9.50268e-10
118  5.83023e-10   351 13.9398        584  3.354e-10     817 14.7726
119  5.83023e-10   352  5.39494       585  4.84809e-10   818  1.84577
120  4.26001e-10   353  5.44698       586  7.6766e-10    819  9.07807
121  6.1819e-10    354  1.33414e-09   587  6.56038e-10   820  1.86848e-08
122  6.1819e-10    355  1.63727       588  0.199139      821  9.51487e-10
123  4.26001e-10   356  1.16374       589  3.17856e-10   822  7.98203
124  6.13942e-10   357 24.8774        590  2.8835e-10    823  1.4171e-07
125  4.25408e-10   358 17.4611        591  5.04092e-10   824  1.50081
126  3.93135       359  1.80664       592  6.29295e-09   825  0.852305
127  1.08012e-09   360  1.88799e-09   593  1.01472e-09   826  7.48959e-09
128  3.15939       361  0.603016      594  5.6442e-10    827  3.31829e-10
129  1.50583e-09   362  3.07796       595  8.27979e-10   828  3.72485
130  1.1054e-09    363 22.7768        596  4.30669e-10   829  1.67419e-09
131  5.06153e-10   364 13.0734        597  7.25991e-10   830  3.41249
132  7.36853e-10   365  0.172977      598  3.60727e-10   831  3.50695e-10
133  6.13942e-10   366 13.6462        599  5.13751e-06   832 11.3934
134  6.69624e-10   367 38.2538        600  4.07105e-10   833  6.09233e-10
135  4.53415e-10   368 10.0719        601  2.40811e-09   834  5.97506e-09
136  5.23877e-10   369  2.82127       602  5.37451e-10   835  5.69879
137  6.5667e-10    370  9.87004e-10   603  6.47811e-10   836  0.4578
138  5.86171e-10   371  1.16905       604  2.33392e-09   837  0.993974
139  3.03176e-09   372  2.69812       605  3.01065e-10   838  1.19309
140  1.8473        373  1.70511e-09   606  6.89794e-10   839  2.42847e-09
141  6.83549e-10   374  1.18e-09      607  3.27005e-10   840  1.14506e-09
142  2.29988e-08   375  8.43403e-10   608  2.23636e-09   841  7.38042e-10
143  6.13942e-10   376  7.03537e-10   609  6.1982e-10    842  0.677711
144  5.1686e-10    377  3.65962e-10   610  4.16259e-10   843  1.39433
145  7.90691e-10   378  1.61631e-09   611  3.54616e-10   844  3.20832e-10
146  7.90691e-10   379  1.8574e-09    612  7.19841e-09   845  6.19435e-10
147  0.732147      380  8.76634e-10   613  4.93123e-10   846  2.81335e-10
148  1.0829e-08    381  1.15899e-09   614  2.51796e-10   847  1.26145e-09
149  1.26685e-06   382  7.84099e-10   615  3.8889e-10    848  1.30419e-09
150  9.11941e-10   383  6.1456e-10    616  3.38503e-10   849  4.06261e-10
151  7.54221e-10   384  3.20339e-10   617  3.11813e-10   850  3.09656
152  4.71302e-10   385  5.7454e-10    618  1.1316        851  1.36594e-09
153  5.83023e-10   386  5.59024e-10   619  0.937975      852  1.18898
154  1.13815e-09   387  1.14012e-09   620  8.91997e-10   853  7.26861e-10
155  1.01936e-09   388  8.53543e-10   621  3.45062e-10   854  4.42419e-10
156  9.10551e-10   389  8.00028e-10   622  4.24931e-10   855  0.755972
157  4.26001e-10   390  1.01785e-09   623  6.65034e-10   856  6.04632e-10
158  4.26001e-10   391  1.11822e-09   624  8.12025e-10   857  4.83786e-10
159  1.06512e-09   392  5.81911e-10   625  5.78542e-10   858  7.50989e-10
160  1.55353       393  8.5228e-10    626  1.36334e-09   859  2.6485e-09
161  4.80681e-10   394  1.00611e-09   627  5.75026e-10   860  5.45052e-10
162  4.37002e-10   395  3.89473e-10   628  3.24891e-10   861  2.53777e-09
163  0.904309      396  6.89735e-10   629  4.42833e-10   862  0.538632
164  9.10551e-10   397  2.89083e-10   630  3.86975e-10   863  7.74941e-10
165  3.27248e-10   398  4.26761e-10   631  4.21218e-10   864  2.84913e-10
166  7.23757e-10   399  3.76722e-10   632  5.10402e-10   865  3.50015e-09
167  1.14779e-09   400  3.77385e-10   633  0.72305       866  0.893973
168  6.49257e-10   401  1.60868e-09   634  3.00697e-09   867  1.17954
169  3.34093e-10   402  5.78691e-10   635  1.33186e-09   868  6.83209
170  4.33734e-10   403  5.46232e-10   636  6.3709e-10    869  1.37548e-09
171  4.38326e-10   404  3.65631e-10   637  3.70048e-09   870  6.22521e-10
172  3.08906e-09   405  3.65631e-10   638  2.96281e-10   871  6.23407e-10
173  6.13942e-10   406  6.03281e-10   639  4.68454e-10   872  1.16379e-09
174  6.13942e-10   407  9.73938e-10   640  5.01479e-10   873  1.34098
175  9.10551e-10   408  1.15086e-09   641  5.00279e-10   874  8.48677e-10
176  5.45528e-10   409  2.43833e-09   642  6.9259e-10    875  1.13742e-09
177  0.278639      410  4.2131e-10    643  1.01727e-09   876  9.67207e-10
178  6.09812       411  2.2368e-09    644  8.45023       877  7.8353e-10
179  1.79623e-09   412  4.54722e-10   645  4.91257       878  1.0463e-09
180  6.58454e-10   413  2.71291e-10   646  8.54176e-10   879  4.73559e-10
181  9.10551e-10   414  7.35566e-10   647  2.27626e-10   880  3.2199e-10
182  6.1819e-10    415  3.63147e-10   648  4.74515e-10   881  2.89273e-09
183  2.5402        416  7.77434e-10   649  6.70965e-10   882  0.893905
184  6.1819e-10    417  7.77434e-10   650  8.82253e-10   883  7.28107e-10
185  6.13942e-10   418  1.10015e-09   651  5.53388e-10   884  3.89795e-10
186  1.51048e-09   419  1.10015e-09   652  6.7787        885  4.85762
187  6.07912e-09   420  4.34681e-10   653  4.81339e-09   886  1.06806e-09
188  0.980968      421  4.88465e-10   654 17.9061        887  5.16529e-09
189  9.26291e-10   422  8.01896e-10   655  7.91137e-10   888  2.02293e-09
190  2.17063e-09   423  9.78318e-10   656  1.30228e-09   889  5.24451e-10
191  0.868925      424  1.00766e-09   657  9.91515e-10   890  4.94445e-10
192  4.95108e-10   425  4.77956e-10   658  8.8776e-08    891  3.2743e-10
193  3.4402e-08    426  2.18551e-09   659  7.6088e-10    892  7.85197e-10
194  1.94397       427  8.92924e-10   660  7.4163e-10    893  1.10584e-09
195  2.38308       428  3.75434e-10   661  5.30208e-10   894  0.969895
196  1.22918e-09   429  5.29092e-10   662  4.63706e-10   895  1.30801e-09
197  1.51936       430  0.900251      663  1.03592e-09   896  1.30506e-09
198  4.81518e-09   431  1.13053e-09   664  4.62654e-10   897  9.1378e-10
199  4.05541e-10   432  4.69254e-10   665  1.86087e-09   898  1.66113e-09
200 12.2368        433  3.43294e-10   666  2.69354e-09   899  5.31529e-10
201  4.88058       434  7.87395e-10   667  1.16181e-09   900  4.78895e-10
202  1.26662e-09   435  3.5663e-09    668  1.63052e-09   901  1.25575e-09
203  2.10986       436  5.49218e-10   669  2.07962e-09   902  2.54603e-09
204  8.20321e-10   437  4.60939e-10   670  0.347473      903  8.09554
205  7.32263e-10   438  1.55854e-09   671  1.55808e-09   904  2.78156e-09
206  1.32796e-09   439  3.24702e-09   672  7.73958e-10   905  6.66625e-10
207  3.63959e-09   440  1.58708e-09   673  4.63444e-10   906  1.08962e-09
208  8.06894       441  3.13421e-09   674  1.95182       907  1.48206e-09
209  3.40395e-06   442  5.46515e-10   675  9.61231e-10   908  1.13486e-09
210  2.0875e-09    443  9.67301e-10   676  3.41644       909  1.14313e-09
211  1.29764e-09   444  6.02953       677  4.13793e-10   910  1.18699e-09
212  9.95228       445  5.98475e-10   678  6.24857e-09   911  3.39992e-09
213  8.18447       446  5.08934e-10   679  1.65778e-09   912  7.91828e-08
214  1.70179       447  6.70752e-10   680  7.24129       913  3.00338e-09
215 10.3656        448  4.18282e-10   681  2.62298e-09   914  7.83483e-10
216  0.0418714     449  3.58985e-10   682  6.16986e-10   915  1.33463e-09
217  3.56465e-10   450  4.38304e-10   683  4.92628e-10   916  5.88831e-10
218  3.98701e-10   451  1.43901e-09   684  1.00027e-09   917  0.75814
219  1.40679e-09   452  5.60296e-10   685  1.1855e-09    918  1.18694e-09
220  3.55706       453  3.81723e-10   686  1.96203e-06   919  3.80992e-09
221  2.68112       454  5.02345e-10   687  6.55824e-10   920  3.80992e-09
222 72.4431        455  8.29092e-10   688  1.48412e-09   921 11.7605
223  2.66978e-09   456  9.97448e-10   689  4.33722e-10   922  7.76314e-10
224  9.6712e-10    457  7.12064e-10   690  1.41096e-09   923  2.30658
225  1.27291       458  8.21283e-10   691  1.88679e-09   924  1.67189e-09
226  6.38343e-09   459  2.90905e-10   692  2.74571       925  1.21872e-09
227  8.74507e-10   460  7.29112e-10   693  3.74436e-10   926  4.71301e-10
228  1.19272       461  3.94273e-10   694  2.21835e-09   927  7.50967e-10
229  5.27154e-10   462  9.1002e-10    695  7.70363e-09   928  8.2109e-10
230  1.55477       463  6.13031e-10   696  4.56725       929  5.94835e-10
231  2.1759e-09    464  5.08245e-10   697  4.25014e-10   930  0.364905
232  4.05599e-10   465  1.18763e-09   698  5.23083
233  5.68907e-10   466  2.28368e-09   699  7.31108e-10
;


 
